Maquina 0:
8 8 6 6 6 6 6 6 2 2 3 2 8 8 5 5 5 3 3 8 3 0 8 8 8 8 2 
29 21 13 13 4 15 39 18 11 19 4 14 10 21 11 9 49 35 29 48 45 31 22 43 19 35 53 
Maquina 1:
0 0 0 0 4 4 4 4 4 4 4 3 3 3 3 8 8 7 0 1 7 7 7 2 2 8 8 
5 28 16 19 1 8 3 2 36 14 39 7 26 36 44 42 34 7 22 35 52 31 54 44 52 38 53 
Maquina 2:
4 4 8 8 8 5 5 5 5 5 6 6 6 6 6 6 6 8 4 4 1 4 0 0 
26 33 2 26 8 16 2 33 28 19 11 23 5 25 41 16 56 34 41 58 45 8 58 52 
Maquina 3:
5 5 5 3 3 3 3 3 3 6 4 4 4 4 4 4 4 1 6 2 2 3 3 3 3 
25 17 55 28 3 41 55 58 45 30 15 29 9 20 31 23 10 40 44 59 53 36 10 50 52 
Maquina 4:
1 1 2 2 2 2 0 0 0 0 2 1 1 0 3 3 5 5 6 4 4 6 5 3 
30 18 31 5 13 9 4 1 54 22 14 30 25 42 56 21 20 54 16 30 24 53 58 57 
Maquina 5:
7 1 1 1 8 8 8 8 8 8 8 8 5 7 7 7 2 8 0 0 0 8 3 5 
42 25 48 51 7 26 14 2 31 46 49 26 26 10 39 46 37 20 59 54 46 40 52 57 
Maquina 6:
6 6 5 5 1 1 1 1 1 0 0 0 2 2 2 2 2 2 2 8 2 6 6 6 6 
44 10 16 49 2 18 17 53 22 9 13 29 25 26 41 45 20 40 24 29 57 55 31 33 41 
Maquina 7:
2 2 7 7 7 7 7 7 7 7 7 7 1 1 0 0 4 4 1 6 6 1 4 4 
2 9 15 37 29 32 37 40 58 47 48 37 1 42 30 30 51 12 6 49 48 30 9 18 
TFT: 133943
Makespan: 1808
Quantidade de trocas: 76
Tempo de espera total: 1712
