Maquina 0:
0 0 0 5 5 5 5 5 5 5 5 5 8 2 2 3 3 3 1 0 0 4 4 1 1 8 
54 9 19 16 25 33 54 55 11 20 19 17 40 37 44 29 55 35 48 13 54 20 58 30 51 38 
Maquina 1:
2 2 2 2 7 7 7 7 7 7 1 1 1 7 6 6 4 4 4 4 3 3 3 3 3 3 4 
5 14 57 40 15 7 10 40 37 54 6 45 35 29 56 25 14 9 29 39 56 41 52 44 45 58 41 
Maquina 2:
1 1 1 1 1 1 2 2 3 6 6 6 6 8 0 0 2 2 2 2 2 2 2 0 6 
17 18 30 53 30 22 2 24 26 31 18 11 33 20 16 29 11 59 19 31 26 41 53 46 16 
Maquina 3:
5 8 8 8 6 6 6 5 2 4 4 4 6 1 1 5 6 5 1 4 5 7 2 2 2 
2 35 26 46 39 55 44 16 9 30 8 24 13 1 40 49 15 49 2 12 26 47 9 45 52 
Maquina 4:
3 3 0 0 0 8 8 4 4 3 3 3 1 0 8 8 8 8 7 5 1 5 
4 50 30 42 30 7 22 23 26 52 36 28 25 1 29 8 49 34 42 57 42 58 
Maquina 5:
7 6 6 2 2 0 8 8 8 8 8 8 8 7 7 7 7 8 8 8 8 8 8 7 6 6 
37 10 23 20 13 22 2 31 21 43 29 53 2 46 37 39 48 21 10 26 26 42 48 58 48 41 
Maquina 6:
4 4 4 4 4 4 4 1 1 0 0 2 4 3 2 5 6 6 6 7 7 6 6 6 
10 15 3 2 9 31 33 18 25 28 52 53 18 45 25 9 5 53 16 52 32 49 4 41 
Maquina 7:
6 3 3 3 3 3 3 2 4 7 0 5 4 4 4 0 0 0 0 6 6 0 8 8 8 
44 21 3 7 10 57 36 14 8 31 4 28 36 51 1 31 5 22 59 30 13 58 34 14 19 
TFT: 152569
Makespan: 1823
Quantidade de trocas: 81
Tempo de espera total: 1730
