Maquina 0:
6 6 2 2 2 2 5 5 5 3 3 3 3 3 3 0 2 4 7 0 3 4 8 8 8 
5 4 45 40 11 24 2 16 49 28 36 57 55 41 29 30 26 24 7 46 50 18 43 35 46 
Maquina 1:
0 0 7 7 7 8 8 8 8 8 2 2 2 8 5 5 6 3 8 8 4 0 0 4 4 4 4 
4 19 46 31 32 2 26 10 19 29 19 9 31 2 49 28 25 44 21 34 36 54 52 2 39 26 23 
Maquina 2:
8 1 1 1 1 1 1 1 1 1 1 4 2 2 2 2 0 0 0 3 6 8 0 0 2 
22 30 25 17 18 30 6 22 18 40 53 10 52 37 13 9 28 22 42 35 16 48 59 54 44 
Maquina 3:
4 4 4 4 4 4 4 4 4 8 8 8 8 4 4 3 3 5 5 2 2 2 1 5 
3 31 8 9 58 51 8 29 41 42 29 20 14 14 30 10 52 54 55 25 57 53 51 57 
Maquina 4:
8 8 8 8 0 0 0 0 0 0 0 5 5 5 6 6 6 6 6 4 0 3 3 6 
21 40 38 7 29 22 16 58 31 9 13 16 9 17 31 53 10 41 49 20 1 56 45 33 
Maquina 5:
5 6 6 6 6 6 2 2 2 4 4 0 0 8 8 8 4 1 1 1 7 6 6 7 3 6 
26 55 16 15 44 13 2 14 14 33 1 5 30 53 34 26 12 42 30 35 37 44 30 52 52 56 
Maquina 6:
2 2 3 3 3 3 3 3 7 7 7 1 7 7 7 7 7 7 2 3 7 7 6 7 8 8 
5 20 26 21 36 3 58 45 29 15 37 1 37 10 40 42 54 48 53 4 39 58 13 47 26 31 
Maquina 7:
3 5 5 5 5 5 6 6 6 6 6 6 1 1 1 1 8 4 4 5 8 2 2 
7 33 11 19 25 20 11 18 41 48 39 23 2 45 48 25 8 9 15 58 49 59 41 
TFT: 132710
Makespan: 1718
Quantidade de trocas: 77
Tempo de espera total: 1496
