Maquina 0:
1 1 4 1 1 1 1 1 1 6 7 7 7 0 8 8 0 7 8 8 8 2 3 3 3 3 3 
6 18 8 1 35 48 30 42 53 5 29 37 42 5 29 38 30 52 10 21 43 45 52 3 50 41 57 
Maquina 1:
5 1 1 6 6 0 0 0 0 0 2 2 2 3 2 2 2 2 1 7 8 2 2 2 5 0 
11 30 25 16 13 13 22 30 58 59 9 11 20 45 9 59 53 41 17 40 40 25 40 57 57 54 
Maquina 2:
0 0 0 0 0 8 7 7 7 7 1 1 2 5 5 6 8 8 2 2 2 3 0 0 4 
9 16 29 28 31 22 15 37 37 46 2 45 19 54 58 23 26 42 5 37 24 55 46 52 26 
Maquina 3:
7 7 7 5 5 3 5 4 4 4 8 8 8 8 4 1 7 2 3 5 5 1 1 
32 48 7 2 9 45 26 1 9 24 2 26 26 2 29 18 54 53 36 25 28 22 40 
Maquina 4:
2 2 2 2 7 5 5 5 5 5 5 5 0 6 0 8 4 4 4 4 4 4 6 6 
14 26 14 44 10 17 33 19 16 49 49 55 4 39 42 21 8 23 14 20 39 58 53 41 
Maquina 5:
8 8 8 8 2 2 3 3 2 4 0 0 2 6 6 4 6 6 0 1 8 8 8 6 6 6 
29 20 34 31 2 52 26 44 13 18 19 1 31 31 4 33 41 55 22 51 46 34 35 48 49 56 
Maquina 6:
4 4 4 4 4 4 4 3 3 3 3 3 3 4 3 3 3 3 5 4 6 6 7 7 7 
3 31 15 51 30 2 9 28 21 29 4 56 10 41 58 52 35 36 16 12 13 30 58 47 39 
Maquina 7:
6 6 3 8 6 6 6 6 8 8 6 6 8 8 4 1 1 0 6 7 5 4 8 8 
16 44 7 19 25 15 10 11 7 49 33 18 8 14 10 25 30 54 44 31 20 36 53 48 
TFT: 160736
Makespan: 1899
Quantidade de trocas: 93
Tempo de espera total: 1609
