Maquina 0:
4 4 4 7 7 7 8 8 0 0 0 0 0 0 0 4 5 3 5 5 3 3 6 5 0 8 2 
24 1 26 32 29 7 21 29 22 4 42 46 30 28 31 30 11 58 33 49 56 44 48 57 30 53 52 
Maquina 1:
0 3 2 2 2 2 2 2 2 2 2 2 2 2 2 0 4 4 4 3 0 0 0 7 3 4 
5 7 26 31 14 2 41 25 9 11 45 53 13 9 19 52 9 39 12 36 59 54 54 15 45 36 
Maquina 2:
2 2 4 4 4 4 4 1 1 4 1 6 6 5 8 8 5 8 0 8 8 7 3 0 2 2 
14 20 29 10 3 9 41 25 18 8 17 16 13 16 14 48 19 34 22 43 2 39 10 16 53 57 
Maquina 3:
3 0 6 6 6 6 6 4 5 5 5 5 1 8 5 0 1 2 2 7 2 2 2 2 8 8 
29 13 10 13 25 5 11 31 54 28 25 16 30 20 20 29 22 37 5 40 24 40 44 59 22 26 
Maquina 4:
8 8 8 8 8 8 0 7 8 7 7 7 7 7 7 7 8 8 8 7 8 4 
7 21 2 40 34 19 9 42 26 58 52 37 37 10 48 54 31 26 10 46 35 51 
Maquina 5:
5 5 3 3 3 3 3 3 3 3 3 3 4 4 3 3 7 6 6 0 5 7 6 6 6 
49 2 45 28 3 26 52 52 36 21 57 35 15 33 55 50 37 30 39 58 55 47 56 53 49 
Maquina 6:
6 6 5 5 5 5 0 7 6 8 8 3 3 1 1 4 1 1 1 1 4 8 8 8 8 
44 41 26 17 58 9 1 31 33 42 8 4 41 30 42 18 18 40 53 51 20 38 46 29 49 
Maquina 7:
1 1 1 1 1 1 1 6 1 4 4 4 6 6 6 6 6 0 4 6 6 6 4 
30 48 35 2 25 1 45 23 6 2 8 14 18 16 44 4 15 19 58 41 55 31 23 
TFT: 150425
Makespan: 2077
Quantidade de trocas: 89
Tempo de espera total: 2686
