Maquina 0:
3 3 3 5 1 2 0 0 0 0 0 8 8 7 0 0 2 2 2 2 3 3 3 3 4 
36 7 10 49 48 5 52 4 19 22 46 14 42 32 30 30 31 40 53 45 50 58 56 41 36 
Maquina 1:
2 2 3 3 4 2 2 2 2 1 1 1 1 3 1 1 1 1 8 8 6 6 6 6 6 6 2 8 
14 25 44 29 26 2 24 9 19 22 18 30 18 26 25 42 30 45 26 21 5 41 39 44 53 49 52 34 
Maquina 2:
7 1 1 0 0 8 8 8 8 8 8 0 0 3 3 3 3 3 3 3 2 0 0 0 0 
37 30 40 5 9 22 2 10 21 43 49 29 54 4 3 45 45 36 52 55 57 13 16 28 59 
Maquina 3:
6 6 7 7 2 1 1 1 1 3 3 6 8 8 8 8 8 8 0 8 8 8 2 8 
33 13 54 29 9 1 51 2 53 35 21 11 20 7 26 34 53 29 42 26 35 38 11 48 
Maquina 4:
5 5 2 2 8 7 7 7 7 2 2 2 2 2 2 2 6 0 4 4 4 5 
11 49 41 20 8 15 7 39 37 14 13 26 37 53 44 59 10 31 1 8 15 28 
Maquina 5:
1 8 6 3 3 5 5 6 6 6 6 7 6 6 6 5 5 5 5 1 4 7 7 7 8 8 8 
17 19 16 28 52 9 25 4 48 13 41 10 30 18 44 16 20 33 19 6 12 47 42 58 31 40 46 
Maquina 6:
4 4 4 4 4 4 4 4 4 4 4 4 4 4 4 4 4 4 5 7 4 8 8 3 
9 3 41 58 8 2 18 9 23 14 20 30 24 31 29 51 39 33 2 52 10 2 29 57 
Maquina 7:
0 0 6 6 6 6 6 5 5 5 5 5 5 5 7 7 7 6 6 0 0 1 1 7 7 
58 22 23 15 31 25 56 16 26 58 17 57 55 54 31 46 48 16 55 1 54 35 25 37 40 
TFT: 147375
Makespan: 1813
Quantidade de trocas: 70
Tempo de espera total: 1742
