Maquina 0:
3 8 8 8 8 8 8 8 2 2 2 2 2 2 2 2 7 2 2 2 2 8 8 8 3 
3 29 10 2 26 38 42 14 14 24 19 41 44 45 25 40 52 9 13 31 52 35 49 22 56 
Maquina 1:
5 5 5 1 1 1 4 6 6 6 6 6 0 0 0 4 2 0 0 3 3 3 3 8 8 4 
19 16 11 30 22 51 29 30 13 5 31 41 52 31 1 1 9 28 54 36 58 44 50 34 43 41 
Maquina 2:
7 7 7 7 5 5 5 5 5 5 1 4 4 4 4 4 4 4 1 1 2 2 2 2 
10 37 15 58 33 25 28 17 58 26 1 26 9 23 36 18 30 12 48 18 57 53 59 53 
Maquina 3:
4 6 6 2 2 3 3 3 3 3 3 6 6 6 6 6 8 1 4 1 6 6 6 6 7 8 
2 15 23 37 26 28 4 36 57 52 45 16 10 33 11 44 46 18 24 25 13 25 55 49 54 48 
Maquina 4:
8 4 4 4 4 0 8 4 4 5 5 7 7 7 7 2 8 5 5 1 1 1 
7 8 3 15 9 4 19 14 8 9 16 39 48 32 46 20 8 49 55 6 42 35 
Maquina 5:
2 2 3 3 3 2 2 1 1 4 4 1 5 5 1 0 8 8 8 8 8 0 0 0 4 
11 2 10 21 29 14 5 30 2 20 31 17 20 2 40 22 21 20 53 26 34 19 58 59 51 
Maquina 6:
1 1 0 0 7 0 0 0 0 0 0 0 3 3 3 3 3 3 3 6 7 4 4 4 1 1 
25 30 16 5 29 30 54 9 22 46 42 30 26 52 7 45 41 35 55 18 42 39 33 10 45 53 
Maquina 7:
0 0 6 6 6 7 7 7 7 7 8 8 8 8 8 8 6 6 7 6 5 5 5 6 6 4 
29 13 4 53 39 31 40 47 7 37 29 21 40 2 26 31 41 16 37 56 54 57 49 44 48 58 
TFT: 135309
Makespan: 1704
Quantidade de trocas: 72
Tempo de espera total: 1100
