Maquina 0:
3 3 3 2 4 2 2 2 8 8 5 6 8 8 1 0 0 0 0 5 5 6 5 0 8 8 
3 41 7 24 8 14 59 9 10 34 9 23 14 21 35 58 5 16 59 49 28 48 17 52 29 35 
Maquina 1:
2 2 6 6 6 6 6 6 4 4 4 4 4 0 4 4 3 4 4 3 3 4 4 7 3 3 3 2 
19 5 30 41 33 13 11 25 14 23 33 39 51 22 10 29 44 30 31 50 28 58 18 39 58 21 45 57 
Maquina 2:
6 4 4 0 6 5 5 5 5 3 3 3 2 7 7 4 4 1 4 0 8 8 3 7 6 6 
16 12 20 9 4 55 16 2 54 10 26 45 9 40 37 15 24 25 9 42 42 26 36 48 31 56 
Maquina 3:
7 7 7 3 3 8 8 8 0 0 0 0 0 6 6 6 6 6 6 7 3 3 2 2 2 8 
10 7 54 56 4 19 26 2 19 28 13 30 4 16 13 49 53 44 44 29 35 55 26 31 53 48 
Maquina 4:
1 0 0 7 7 7 7 1 1 1 1 1 1 1 2 2 2 2 1 1 7 2 1 1 1 
2 1 22 15 32 31 37 17 6 45 18 22 40 51 14 44 37 45 30 18 47 20 30 1 42 
Maquina 5:
5 1 1 1 4 4 4 4 7 8 8 5 5 5 5 5 5 2 6 6 2 6 6 6 
19 25 30 53 1 8 2 26 52 7 2 16 33 25 57 58 49 41 39 5 25 18 41 55 
Maquina 6:
4 5 5 0 0 0 0 2 2 2 2 2 3 3 7 7 3 8 8 8 5 8 8 8 
41 20 26 30 31 46 54 13 11 2 52 53 36 29 42 58 52 29 34 40 11 26 38 49 
Maquina 7:
8 8 8 8 8 3 3 4 6 6 7 7 4 8 1 8 8 2 4 0 0 
31 20 22 21 53 52 57 9 10 15 37 46 36 46 48 43 8 40 3 29 54 
TFT: 155665
Makespan: 1901
Quantidade de trocas: 86
Tempo de espera total: 1925
