Maquina 0:
6 4 4 4 4 2 2 2 2 2 2 7 2 0 8 1 1 6 0 0 0 4 4 4 4 4 4 8 
15 9 18 8 31 9 52 13 9 26 57 15 40 5 26 1 53 39 46 52 31 23 24 30 51 41 58 20 
Maquina 1:
3 7 7 7 4 4 1 1 1 1 1 7 7 7 7 7 7 6 3 8 8 8 1 1 3 3 3 3 
4 10 37 31 2 3 48 30 30 35 18 47 40 37 48 39 58 11 44 21 34 26 40 45 45 41 52 55 
Maquina 2:
0 0 0 0 0 0 0 0 0 8 8 8 8 4 2 2 2 2 2 1 3 3 3 3 2 
4 22 29 19 54 1 42 16 28 35 19 29 49 14 25 14 41 37 11 51 29 7 58 28 45 
Maquina 3:
1 1 1 7 7 7 7 7 5 5 3 3 3 3 4 4 5 5 6 6 1 2 2 8 8 8 
25 30 17 52 37 29 7 42 49 55 35 36 56 50 15 39 9 58 4 10 22 24 53 42 40 34 
Maquina 4:
8 8 8 8 8 8 5 5 0 0 0 1 2 2 8 8 8 8 2 7 5 6 7 
29 7 14 26 43 53 11 26 13 54 59 18 31 20 10 8 21 46 59 46 54 55 54 
Maquina 5:
4 5 5 5 5 5 4 4 4 3 4 5 5 4 0 0 7 8 8 2 0 6 6 
9 17 2 25 20 28 20 1 29 21 8 16 16 12 22 9 32 31 38 14 30 13 48 
Maquina 6:
2 2 1 6 6 6 6 6 6 6 4 1 1 5 3 3 3 4 4 4 2 5 5 6 
19 53 2 33 18 53 16 41 25 56 26 25 42 33 45 52 57 33 36 10 2 57 49 44 
Maquina 7:
5 2 3 3 3 3 8 8 8 6 6 6 6 6 6 6 0 1 2 6 6 8 0 
19 5 26 3 36 10 2 2 22 13 30 23 31 44 41 5 30 6 44 16 49 48 58 
TFT: 142162
Makespan: 1733
Quantidade de trocas: 77
Tempo de espera total: 1730
