Maquina 0:
3 3 3 3 3 3 3 4 4 4 4 4 3 7 5 5 0 0 4 4 4 0 2 2 8 4 
7 4 45 58 41 50 44 3 1 36 30 20 3 58 26 16 9 28 26 9 23 4 45 40 53 51 
Maquina 1:
6 6 6 0 0 0 0 0 0 0 8 8 8 8 8 8 8 4 2 1 8 8 8 2 7 2 2 
30 33 18 5 13 30 31 42 54 54 21 31 21 34 29 29 48 8 53 30 19 22 49 5 54 37 57 
Maquina 2:
2 5 5 5 5 2 5 5 5 3 3 1 0 0 0 7 8 0 0 0 4 4 4 2 2 
2 49 2 17 11 13 25 20 16 10 28 18 16 19 46 37 26 52 1 29 18 14 31 24 52 
Maquina 3:
7 7 7 7 7 8 8 8 8 8 5 5 4 4 4 4 4 3 3 3 3 3 3 7 8 8 
32 15 37 37 42 46 2 20 40 26 49 19 29 41 24 15 33 21 56 45 36 57 55 46 26 35 
Maquina 4:
8 1 1 1 7 2 2 2 7 7 2 5 5 1 1 1 5 8 8 8 7 7 3 3 0 0 
14 51 17 1 10 9 14 41 7 29 26 9 28 6 48 53 58 7 42 38 52 39 36 52 22 58 
Maquina 5:
4 4 2 6 6 6 6 6 2 2 2 2 2 2 2 2 2 7 5 1 1 0 
58 12 9 16 41 13 15 16 19 14 25 59 11 20 44 31 53 40 33 42 45 59 
Maquina 6:
8 8 8 8 8 4 3 6 6 6 6 6 6 6 6 6 6 6 6 6 6 5 5 5 7 
2 43 10 8 34 10 29 4 13 25 11 23 41 48 55 56 44 5 31 44 49 54 55 57 48 
Maquina 7:
1 4 4 4 1 1 1 1 1 1 1 0 3 3 3 0 6 1 7 7 6 6 4 
2 2 8 9 30 25 22 35 40 18 25 22 26 35 52 30 10 30 31 47 39 53 39 
TFT: 132967
Makespan: 1694
Quantidade de trocas: 73
Tempo de espera total: 1439
